100
200
400
80
2
300
2332
243
53
76
456
876
35345
456
7867
7867
100
200
400
80
2
300
2332
243
53
76
456
876
35345
456
7867
7867
100
200
400
80
2
300
2332
243
53
76
456
876
35345
456
7867
7867
100
200
400
80
2
300
2332
243
53
76
456
876
35345
456
7867
7867
100
200
400
80
2
300
2332
243
53
76
456
876
35345
456
7867
7867
100
200
400
80
2
300
2332
243
53
76
456
876
35345
456
7867
7867
100
200
400
80
2
300
2332
243
53
76
456
876
35345
456
7867
7867
100
200
400
80
2
300
2332
243
53
76
456
876
35345
456
7867
7867
100
200
400
80
2
300
2332
243
53
76
456
876
35345
456
7867
7867